C_INVOICE_ID
1000921
1000843
1001458
1000962
1001057
1001581
1002164
1002196
1000526
1001658
1000570
1000560
1000571
1000573
1000585
1000744
1001758
1000727
1000728
1000773
1001092
1000784
1001639
1001730
1001232
1000829
1001291
1000845
1001426
1002029
1001317
1001452
1002053
1002058
1001949
1001988
1000791
1000793
1003719
1002961
1002695
1002795
1004460
1002668
1002603
1002689
1003081
1002541
1002568
1002746
1002768
1003663
1002251
1002637
1002645
1002709
1002542
1003160
1003190
1002152
1002267
1002268
1002561
1002618
1002629
1003080
1003079
1002125
1002098
1002121
1002559
1003368
1003923
1002110
1003879
1003897
1002350
1002450
1002962
1003448
1003464
1003447
1002891
1002894
1002952
1002893
1002388
1002510
1002420
1002520
1005274
1005287
1005292
1004686
1004957
1004678
1004684
1004861
1004860
1004859
1005291
1004485
1004685
1005003
1004213
1004214
